1481434431714655
1481434431781074
1481434431781240
1481434431781331
1481434431781379
1481434431781418
1481434431781451
1481434431781483
1481434431781527
1481434431781561
1481434431781592
1481434431781624
1481434431781656
1481434431781690
1481434431781740
1481434431781790
1481434431781851
1481434431781887
1481434431781919
1481434431781950
1481434431781980
1481434431782012
1481434431782055
1481434431782096
1481434431782127
1481434431782158
1481434431782189
1481434431782232
1481434431782287
1481434431782334
1481434431782366
1481434431782397
1481434431782431
1481434431782461
1481434431782500
1481434431782538
1481434431782570
1481434431782610
1481434431782658
1481434431782694
1481434431782725
1481434431782755
1481434431782785
1481434431782816
1481434431782847
1481434431782889
1481434431782928
1481434431782980
1481434431783015
1481434431783046
1481434431783086
1481434431783135
1481434431783170
1481434431783199
1481434431783230
1481434431783267
1481434431783300
1481434431783332
1481434431783363
1481434431783411
1481434431783473
1481434431783511
1481434431783545
1481434431783576
1481434431783606
1481434431783638
1481434431783670
1481434431783716
1481434431783749
1481434431783795
1481434431783836
1481434431783871
1481434431783905
1481434431783948
1481434431783982
1481434431784013
1481434431784047
1481434431784090
1481434431784132
1481434431784167
1481434431784196
1481434431784226
1481434431784283
1481434431784317
1481434431784358
1481434431784392
1481434431784423
1481434431784453
1481434431784500
1481434431784543
1481434431784576
1481434431784606
1481434431784647
1481434431784679
1481434431784712
1481434431784743
1481434431784790
1481434431784825
1481434431784864
1481434431784900
1481434431784931
1481434431784963
1481434431785007
1481434431785051
1481434431785083
1481434431785117
1481434431785147
1481434431785190
1481434431785220
1481434431785253
1481434431785293
1481434431785324
1481434431785366
1481434431785408
1481434431785440
1481434431785490
1481434431785532
1481434431785566
1481434431785598
1481434431785628
1481434431785665
1481434431785699
1481434431785731
1481434431785783
1481434431785827
1481434431785866
1481434431785895
1481434431785927
1481434431785967
1481434431785999
1481434431786029
1481434431786060
1481434431786104
1481434431786152
1481434431786184
1481434431786214
1481434431786245
1481434431786297
1481434431786332
1481434431786363
1481434431786396
1481434431786426
1481434431786464
1481434431786497
1481434431786539
1481434431786571
1481434431786602
1481434431786646
1481434431786689
1481434431786722
1481434431786763
1481434431786811
1481434431786852
1481434431786893
1481434431786936
1481434431786968
1481434431787002
1481434431787034
1481434431787066
1481434431787100
1481434431787142
1481434431787182
1481434431787214
1481434431787267
1481434431787301
1481434431787331
1481434431787361
1481434431787391
1481434431787438
1481434431787482
1481434431787525
1481434431787567
1481434431787598
1481434431787632
1481434431787672
1481434431787703
1481434431787745
1481434431787776
1481434431787806
1481434431787838
1481434431787868
1481434431787910
1481434431787958
1481434431787990
1481434431788022
1481434431788054
1481434431788088
1481434431788120
1481434431788151
1481434431788191
1481434431788223
1481434431788268
1481434431788317
1481434431788354
1481434431788396
1481434431788430
1481434431788464
1481434431788497
1481434431788527
1481434431788557
1481434431788600
1481434431788648
1481434431788683
1481434431788713
1481434431788743
1481434431788780
1481434431788822
1481434431788854
1481434431788886
1481434431788916
1481434431788949
1481434431788989
1481434431789029
1481434431789063
1481434431789106
1481434431789149
1481434431789179
1481434431789209
1481434431789242
1481434431789278
1481434431789309
1481434431789338
1481434431789387
1481434431789454
1481434431789489
1481434431789522
1481434431789553
1481434431789594
1481434431789635
1481434431789669
1481434431789699
1481434431789743
1481434431789774
1481434431789812
1481434431789844
1481434431789886
1481434431789919
1481434431789949
1481434431789993
1481434431790035
1481434431790069
1481434431790099
1481434431790131
1481434431790170
1481434431790203
1481434431790251
1481434431790292
1481434431790323
1481434431790358
1481434431790388
1481434431790418
1481434431790448
1481434431790490
1481434431790524
1481434431790554
1481434431790594
1481434431790637
1481434431790670
1481434431790700
1481434431790758
1481434431790793
1481434431790824
1481434431790852
1481434431790882
1481434431790911
1481434431790940
1481434431790970
1481434431791008
1481434431791039
1481434431791089
1481434431791120
1481434431791153
1481434431791183
1481434431791213
1481434431791250
1481434431791295
1481434431791326
1481434431791358
1481434431791412
1481434431791446
1481434431791480
1481434431791512
1481434431791544
1481434431791574
1481434431791615
1481434431791646
1481434431791678
1481434431791708
1481434431791749
1481434431791798
1481434431791844
1481434431791883
1481434431791921
1481434431791951
1481434431791997
1481434431792027
1481434431792067
1481434431792099
1481434431792128
1481434431792161
1481434431792191
1481434431792235
1481434431792283
1481434431792315
1481434431792344
1481434431792374
1481434431792408
1481434431792438
1481434431792468
1481434431792497
1481434431792531
1481434431792570
1481434431792610
1481434431792643
1481434431792685
1481434431792715
1481434431792747
1481434431792787
1481434431792818
1481434431792858
1481434431792898
1481434431792948
1481434431792982
1481434431793013
1481434431793060
1481434431793094
1481434431793141
1481434431793172
1481434431793202
1481434431793235
1481434431793272
1481434431793305
1481434431793347
1481434431793383
1481434431793413
1481434431793443
1481434431793483
1481434431793515
1481434431793544
1481434431793574
1481434431793608
1481434431793649
1481434431793690
1481434431793723
1481434431793772
1481434431793802
1481434431793832
1481434431793862
1481434431793891
1481434431793920
1481434431793950
1481434431793990
1481434431794038
1481434431794079
1481434431794118
1481434431794151
1481434431794183
1481434431794213
1481434431794242
1481434431794282
1481434431794324
1481434431794356
1481434431794389
1481434431794426
1481434431794458
1481434431794504
1481434431794535
1481434431794578
1481434431794609
1481434431794639
1481434431794669
1481434431794699
1481434431794731
1481434431794760
1481434431794793
1481434431794842
1481434431794881
1481434431794912
1481434431794944
1481434431794973
1481434431795018
1481434431795049
1481434431795089
1481434431795132
1481434431795175
1481434431795208
1481434431795251
1481434431795292
1481434431795322
1481434431795352
1481434431795384
1481434431795414
1481434431795447
1481434431795479
1481434431795509
1481434431795551
1481434431795596
1481434431795630
1481434431795661
1481434431795693
1481434431795734
1481434431795766
1481434431795808
1481434431795838
1481434431795873
1481434431795906
1481434431795936
1481434431795976
1481434431796018
1481434431796049
1481434431796079
1481434431796108
1481434431796137
1481434431796181
1481434431796221
1481434431796259
1481434431796291
1481434431796322
1481434431796354
1481434431796390
1481434431796421
1481434431796451
1481434431796480
1481434431796522
1481434431796565
1481434431796598
1481434431796640
1481434431796672
1481434431796714
1481434431796752
1481434431796792
1481434431796825
1481434431796859
1481434431796905
1481434431796947
1481434431796979
1481434431797008
1481434431797037
1481434431797067
1481434431797097
1481434431797125
1481434431797165
1481434431797212
1481434431797243
1481434431797282
1481434431797313
1481434431797343
1481434431797376
1481434431797406
1481434431797438
1481434431797470
1481434431797500
1481434431797541
1481434431797583
1481434431797630
1481434431797673
1481434431797703
1481434431797740
1481434431797782
1481434431797816
1481434431797845
1481434431797895
1481434431797927
1481434431797957
1481434431797986
1481434431798014
1481434431798043
1481434431798083
1481434431798152
1481434431798189
1481434431798219
1481434431798248
1481434431798297
1481434431798330
1481434431798362
1481434431798404
1481434431798436
1481434431798466
1481434431798507
1481434431798538
1481434431798568
1481434431798597
1481434431798626
1481434431798655
1481434431798685
1481434431798715
1481434431798755
1481434431798799
1481434431798834
1481434431798863
1481434431798905
1481434431798939
1481434431798970
1481434431799015
1481434431799056
1481434431799087
1481434431799116
1481434431799145
1481434431799178
1481434431799217
1481434431799269
1481434431799305
1481434431799335
1481434431799366
1481434431799399
1481434431799429
1481434431799483
1481434431799528
1481434431799560
1481434431799602
1481434431799650
1481434431799682
1481434431799712
1481434431799744
1481434431799774
1481434431799817
1481434431799850
1481434431799880
1481434431799908
1481434431799937
1481434431799986
1481434431800023
1481434431800067
1481434431800106
1481434431800152
1481434431800187
1481434431800218
1481434431800250
1481434431800296
1481434431800328
1481434431800369
1481434431800399
1481434431800439
1481434431800474
1481434431800504
1481434431800546
1481434431800575
1481434431800605
1481434431800643
1481434431800684
1481434431800726
1481434431800759
1481434431800791
1481434431800821
1481434431800850
1481434431800882
1481434431800912
1481434431800955
1481434431800999
1481434431801042
1481434431801076
1481434431801107
1481434431801140
1481434431801172
1481434431801208
1481434431801253
1481434431801319
1481434431801351
1481434431801393
1481434431801425
1481434431801455
1481434431801487
1481434431801520
1481434431801551
1481434431801598
1481434431801632
1481434431801662
1481434431801704
1481434431801734
1481434431801770
1481434431801801
1481434431801835
1481434431801873
1481434431801903
1481434431801958
1481434431802000
1481434431802031
1481434431802073
1481434431802105
1481434431802134
1481434431802166
1481434431802213
1481434431802252
1481434431802287
1481434431802319
1481434431802348
1481434431802388
1481434431802421
1481434431802459
1481434431802501
1481434431802544
1481434431802578
1481434431802608
1481434431802638
1481434431802666
1481434431802698
1481434431802734
1481434431802765
1481434431802794
1481434431802836
1481434431802870
1481434431802908
1481434431802939
1481434431802985
1481434431803025
1481434431803066
1481434431803114
1481434431803148
1481434431803178
1481434431803211
1481434431803240
1481434431803276
1481434431803319
1481434431803352
1481434431803381
1481434431803410
1481434431803440
1481434431803469
1481434431803509
1481434431803550
1481434431803580
1481434431803610
1481434431803653
1481434431803688
1481434431803719
1481434431803762
1481434431803802
1481434431803833
1481434431803873
1481434431803914
1481434431803945
1481434431803980
1481434431804017
1481434431804048
1481434431804090
1481434431804123
1481434431804152
1481434431804181
1481434431804210
1481434431804239
1481434431804278
1481434431804320
1481434431804353
1481434431804405
1481434431804437
1481434431804469
1481434431804499
1481434431804531
1481434431804560
1481434431804602
1481434431804641
1481434431804687
1481434431804719
1481434431804748
1481434431804776
1481434431804807
1481434431804837
1481434431804899
1481434431804933
1481434431804976
1481434431805019
1481434431805056
1481434431805086
1481434431805129
1481434431805173
1481434431805204
1481434431805233
1481434431805270
1481434431805305
1481434431805334
1481434431805380
1481434431805423
1481434431805455
1481434431805485
1481434431805514
1481434431805549
1481434431805587
1481434431805618
1481434431805667
1481434431805699
1481434431805728
1481434431805762
1481434431805792
1481434431805824
1481434431805855
1481434431805884
1481434431805926
1481434431805972
1481434431806014
1481434431806045
1481434431806083
1481434431806123
1481434431806169
1481434431806201
1481434431806231
1481434431806264
1481434431806308
1481434431806350
1481434431806382
1481434431806411
1481434431806443
1481434431806472
1481434431806514
1481434431806545
1481434431806575
1481434431806604
1481434431806645
1481434431806676
1481434431806717
1481434431806756
1481434431806796
1481434431806829
1481434431806858
1481434431806887
1481434431806916
1481434431806945
1481434431806991
1481434431807036
1481434431807069
1481434431807099
1481434431807128
1481434431807158
1481434431807190
1481434431807220
1481434431807264
1481434431807309
1481434431807351
1481434431807391
1481434431807430
1481434431807463
1481434431807504
1481434431807534
1481434431807574
1481434431807608
1481434431807639
1481434431807668
1481434431807697
1481434431807729
1481434431807761
1481434431807794
1481434431807824
1481434431807865
1481434431807910
1481434431807942
1481434431807972
1481434431808001
1481434431808029
1481434431808061
1481434431808090
1481434431808122
1481434431808161
1481434431808192
1481434431808237
1481434431808286
1481434431808320
1481434431808359
1481434431808399
1481434431808444
1481434431808476
1481434431808515
1481434431808561
1481434431808609
1481434431808639
1481434431808668
1481434431808701
1481434431808730
1481434431808764
1481434431808796
1481434431808825
1481434431808855
1481434431808896
1481434431808929
1481434431808958
1481434431808991
1481434431809034
1481434431809067
1481434431809097
1481434431809138
1481434431809171
1481434431809200
1481434431809243
1481434431809279
1481434431809310
1481434431809349
1481434431809396
1481434431809431
1481434431809463
1481434431809494
1481434431809556
1481434431809592
1481434431809624
1481434431809653
1481434431809683
1481434431809723
1481434431809769
1481434431809803
1481434431809833
1481434431809863
1481434431809892
1481434431809921
1481434431809953
1481434431809983
1481434431810027
1481434431810062
1481434431810094
1481434431810126
1481434431810168
1481434431810212
1481434431810253
1481434431810296
1481434431810327
1481434431810361
1481434431810402
1481434431810447
1481434431810484
1481434431810515
1481434431810557
1481434431810601
1481434431810635
1481434431810666
1481434431810695
1481434431810737
1481434431810768
1481434431810797
1481434431810836
1481434431810876
1481434431810909
1481434431810939
1481434431810969
1481434431810999
1481434431811030
1481434431811060
1481434431811089
1481434431811118
1481434431811147
1481434431811176
1481434431811206
1481434431811234
1481434431811271
1481434431811313
1481434431811359
1481434431811395
1481434431811425
1481434431811455
1481434431811494
1481434431811539
1481434431811571
1481434431811601
1481434431811635
1481434431811665
1481434431811703
1481434431811742
1481434431811776
1481434431811806
1481434431811836
1481434431811865
1481434431811895
1481434431811924
1481434431811962
1481434431812003
1481434431812034
1481434431812064
1481434431812103
1481434431812132
1481434431812160
1481434431812190
1481434431812218
1481434431812247
1481434431812287
1481434431812318
1481434431812350
1481434431812401
1481434431812444
1481434431812476
1481434431812515
1481434431812546
1481434431812586
1481434431812619
1481434431812650
1481434431812680
1481434431812711
1481434431812740
1481434431812783
1481434431812824
1481434431812856
1481434431812885
1481434431812915
1481434431812955
1481434431812989
1481434431813019
1481434431813059
1481434431813100
1481434431813133
1481434431813162
1481434431813191
1481434431813222
1481434431813261
1481434431813312
1481434431813345
1481434431813375
1481434431813404
1481434431813433
1481434431813465
1481434431813496
1481434431813542
1481434431813572
1481434431813601
1481434431813631
1481434431813670
1481434431813710
1481434431813742
1481434431813771
1481434431813800
1481434431813838
1481434431813878
1481434431813924
1481434431813959
1481434431813989
1481434431814021
1481434431814050
1481434431814081
1481434431814110
1481434431814141
1481434431814171
1481434431814217
1481434431814247
1481434431814286
1481434431814325
1481434431814357
1481434431814398
1481434431814428
1481434431814465
1481434431814498
1481434431814528
1481434431814560
1481434431814589
1481434431814622
1481434431814651
1481434431814689
1481434431814721
1481434431814762
1481434431814792
1481434431814821
1481434431814853
1481434431814882
1481434431814911
1481434431814940
1481434431814969
1481434431815005
1481434431815037
1481434431815079
1481434431815110
1481434431815139
1481434431815168
1481434431815198
1481434431815229
1481434431815265
1481434431815297
1481434431815335
1481434431815375
1481434431815408
1481434431815445
1481434431815484
1481434431815517
1481434431815546
1481434431815575
1481434431815604
1481434431815633
1481434431815662
1481434431815691
1481434431815722
1481434431815753
1481434431815783
1481434431815826
1481434431815868
1481434431815899
1481434431815928
1481434431815958
1481434431815987
1481434431816015
1481434431816044
1481434431816073
1481434431816102
1481434431816141
1481434431816181
1481434431816213
1481434431816243
1481434431816279
1481434431816317
1481434431816349
1481434431816389
1481434431816420
1481434431816459
1481434431816505
1481434431816537
1481434431816566
1481434431816596
1481434431816625
1481434431816654
1481434431816684
1481434431816712
1481434431816741
1481434431816770
1481434431816807
1481434431816840
1481434431816880
1481434431816913
1481434431816943
1481434431816975
1481434431817005
1481434431817037
1481434431817066
1481434431817096
1481434431817127
1481434431817157
1481434431817188
1481434432255833
1481434432255922
1481434432255970
1481434432256015
1481434432256063
1481434432256102
1481434432256166
1481434432256211
1481434432256292
1481434432256335
1481434432256374
1481434432256412
1481434432256449
1481434432256485
1481434432256549
1481434432256589
1481434432256625
1481434432256663
1481434432256700
1481434432256749
1481434432256800
1481434432256839
1481434432256877
1481434432256914
1481434432256959
1481434432256996
1481434432257036
1481434432257088
1481434432257127
1481434432257180
1481434432257231
1481434432257279
1481434432257318
1481434432257386
1481434432257429
1481434432257467
1481434432257524
1481434432257587
1481434432257628
1481434432257668
1481434432257705
1481434432257743
1481434432257789
1481434432257840
1481434432257880
1481434432257917
1481434432257954
1481434432258000
1481434432258049
1481434432258096
1481434432258150
1481434432258299
1481434432258368
1481434432258406
1481434432258470
1481434432258511
1481434432258548
1481434432258599
1481434432258641
1481434432258690
1481434432258740
1481434432258794
1481434432258837
1481434432258877
1481434432258915
1481434432258955
1481434432258995
1481434432259031
1481434432259069
1481434432259117
1481434432259175
1481434432259218
1481434432259263
1481434432259312
1481434432259359
1481434432259416
1481434432259455
1481434432259493
1481434432259550
1481434432259600
1481434432259645
1481434432259714
1481434432259757
1481434432259795
1481434432259833
1481434432259870
1481434432259907
1481434432259944
1481434432259981
1481434432260018
1481434432260055
1481434432260092
1481434432260144
1481434432260204
1481434432260244
1481434432260289
1481434432260330
1481434432260388
1481434432260431
1481434432260479
1481434432260545
1481434432260588
1481434432260625
1481434432260661
1481434432260698
1481434432260744
1481434432260800
1481434432260845
1481434432260888
1481434432260925
1481434432260966
1481434432261022
1481434432261065
1481434432261102
1481434432261139
1481434432261177
1481434432261216
1481434432261252
1481434432261298
1481434432261336
1481434432261373
1481434432261410
1481434432261446
1481434432261493
1481434432261543
1481434432261584
1481434432261645
1481434432261688
1481434432261725
1481434432261780
1481434432261817
1481434432261855
1481434432261910
1481434432261954
1481434432261991
1481434432262029
1481434432262082
1481434432262120
1481434432262171
1481434432262215
1481434432262254
1481434432262313
1481434432262365
1481434432262411
1481434432262452
1481434432262491
1481434432262528
1481434432262603
1481434432262645
1481434432262702
1481434432262748
1481434432262796
1481434432262846
1481434432262885
1481434432262926
1481434432262963
1481434432425617
1481434432425767
1481434432425814
0,96339
0,135962
0,67074
0,22534
0,24680
0,19149
0,19052
0,30376
0,20300
0,17994
0,18873
0,18157
0,18875
0,37281
0,30217
0,42283
0,21721
0,19086
0,18258
0,17498
0,17861
0,18184
0,26826
0,18483
0,18653
0,17878
0,31038
0,21524
0,34234
0,18860
0,18205
0,18338
0,18078
0,20906
0,24484
0,19312
0,27119
0,33994
0,22035
0,18536
0,17564
0,17891
0,18265
0,18098
0,18964
0,26189
0,37614
0,20598
0,18726
0,26784
0,19610
0,20071
0,17728
0,17827
0,23525
0,19485
0,18537
0,18159
0,32772
0,31597
0,22416
0,18189
0,17994
0,17519
0,18605
0,18663
0,32264
0,20551
0,32734
0,19814
0,20861
0,21048
0,29602
0,21658
0,18232
0,18141
0,30630
0,20062
0,20692
0,17584
0,17547
0,31986
0,20415
0,20181
0,20968
0,18562
0,18078
0,33962
0,29877
0,18534
0,18233
0,17221
0,19496
0,20906
0,18480
0,19019
0,21948
0,18463
0,19826
0,18448
0,19783
0,31719
0,30092
0,19365
0,20568
0,17700
0,30209
0,18326
0,18447
0,25952
0,18850
0,19191
0,20422
0,19258
0,36407
0,28575
0,20777
0,20170
0,17841
0,22167
0,18289
0,19355
0,20237
0,31732
0,26977
0,17431
0,18415
0,27793
0,18962
0,17915
0,18240
0,24337
0,26766
0,18880
0,17748
0,18500
0,31696
0,22112
0,18339
0,18025
0,18437
0,17779
0,19684
0,28158
0,20511
0,17907
0,31752
0,30114
0,18783
0,18384
0,33204
0,28139
0,19083
0,29590
0,19939
0,20776
0,18122
0,19308
0,20522
0,19728
0,27017
0,18934
0,36632
0,20637
0,18165
0,17246
0,17649
0,19632
0,20718
0,20346
0,29624
0,18153
0,18495
0,24716
0,18675
0,30374
0,18214
0,18103
0,20127
0,17911
0,27841
0,19889
0,19379
0,20154
0,18608
0,18939
0,20129
0,18021
0,17928
0,19748
0,24832
0,21286
0,20017
0,17769
0,20424
0,18720
0,18175
0,18308
0,17871
0,18890
0,21165
0,19928
0,18058
0,17737
0,24008
0,29046
0,19534
0,18326
0,17932
0,20110
0,26194
0,19090
0,20400
0,19143
0,19996
0,18444
0,18063
0,17779
0,19009
0,18728
0,17787
0,17623
0,45143
0,21322
0,19170
0,18902
0,27484
0,19208
0,19696
0,18133
0,30720
0,19792
0,24966
0,19323
0,28772
0,18914
0,17739
0,30768
0,30323
0,18794
0,18223
0,17732
0,25148
0,19509
0,36148
0,26477
0,18891
0,22505
0,18210
0,18418
0,17541
0,18978
0,19367
0,18175
0,26918
0,20187
0,19556
0,17971
0,20521
0,21594
0,18354
0,17578
0,17592
0,17238
0,17166
0,17465
0,19205
0,18584
0,37398
0,18189
0,21855
0,17943
0,17643
0,25927
0,29947
0,19270
0,19631
0,35308
0,19985
0,21673
0,20549
0,19864
0,17751
0,18820
0,18504
0,18187
0,17631
0,26824
0,22240
0,19823
0,23439
0,20284
0,17799
0,29994
0,18068
0,27854
0,18887
0,17672
0,20719
0,17741
0,31033
0,34184
0,19678
0,17704
0,17720
0,22382
0,18181
0,17712
0,17559
0,21039
0,26540
0,18679
0,20315
0,30213
0,18314
0,17386
0,27118
0,19111
0,26409
0,19085
0,36764
0,19618
0,18501
0,17494
0,19613
0,19893
0,19134
0,17890
0,18218
0,24720
0,20614
0,29362
0,23496
0,18347
0,18027
0,17416
0,19608
0,17636
0,17661
0,18067
0,29092
0,19345
0,20254
0,36507
0,18442
0,17408
0,18038
0,17378
0,17468
0,17434
0,19161
0,35661
0,27305
0,18602
0,20044
0,19697
0,17565
0,17085
0,19191
0,18671
0,19913
0,20085
0,25507
0,19388
0,19326
0,18848
0,19363
0,18601
0,17431
0,17680
0,18080
0,18118
0,17901
0,19833
0,36412
0,24866
0,18675
0,18132
0,17656
0,32382
0,18008
0,19141
0,30537
0,28379
0,19697
0,30160
0,27537
0,18672
0,17912
0,17977
0,18142
0,18669
0,20133
0,18417
0,29796
0,20679
0,19431
0,17940
0,19434
0,28464
0,19137
0,29566
0,18311
0,21029
0,18437
0,18030
0,26794
0,19652
0,18879
0,17315
0,17603
0,17227
0,30599
0,19681
0,19926
0,19173
0,18443
0,18210
0,22067
0,18813
0,17846
0,17182
0,29465
0,30492
0,19935
0,29059
0,18820
0,30006
0,19697
0,26508
0,20616
0,21629
0,19464
0,28624
0,19515
0,17280
0,17483
0,17638
0,17707
0,17195
0,26342
0,19550
0,18754
0,18957
0,18830
0,17594
0,18334
0,17860
0,20666
0,19566
0,18194
0,29443
0,19051
0,34278
0,28426
0,18186
0,23974
0,19831
0,21022
0,17865
0,35952
0,19507
0,17699
0,17271
0,17067
0,16917
0,27662
0,19568
0,23079
0,18191
0,17443
0,34683
0,19368
0,19723
0,29966
0,19431
0,17904
0,18961
0,18267
0,18450
0,17330
0,17882
0,17788
0,17525
0,17408
0,18501
0,30960
0,21477
0,17765
0,18776
0,21989
0,18157
0,19735
0,20147
0,19042
0,17130
0,17352
0,20807
0,27022
0,38184
0,23101
0,18458
0,19188
0,21475
0,17907
0,36489
0,30334
0,19668
0,28402
0,20667
0,18702
0,17816
0,18188
0,17692
0,30725
0,18012
0,18115
0,17245
0,17663
0,34481
0,22487
0,29885
0,26482
0,19017
0,20115
0,18108
0,18185
0,24872
0,20115
0,27429
0,18435
0,28485
0,21591
0,18087
0,19178
0,18288
0,17649
0,18856
0,28224
0,19486
0,20372
0,20129
0,18560
0,17520
0,20331
0,18110
0,30897
0,20779
0,20774
0,21700
0,18239
0,20195
0,20044
0,18240
0,33058
0,52599
0,19166
0,30099
0,18949
0,17908
0,19559
0,19787
0,18065
0,25589
0,20503
0,17652
0,19503
0,18568
0,18872
0,18933
0,20349
0,21767
0,18113
0,40855
0,28905
0,18713
0,19544
0,18070
0,17981
0,20128
0,34609
0,26518
0,23217
0,19727
0,17499
0,18306
0,19959
0,26267
0,29675
0,20402
0,18541
0,18087
0,17762
0,17061
0,17959
0,22947
0,18058
0,17569
0,29801
0,22223
0,18860
0,18782
0,34517
0,26454
0,28758
0,35529
0,21526
0,17719
0,18035
0,17633
0,18401
0,19799
0,18726
0,17412
0,17531
0,17135
0,17270
0,26721
0,19597
0,18502
0,18208
0,18926
0,22198
0,18888
0,30158
0,18029
0,19236
0,27379
0,19363
0,19000
0,20774
0,24523
0,18835
0,30381
0,19943
0,17087
0,17329
0,16898
0,17654
0,18741
0,18503
0,20139
0,38285
0,20323
0,17626
0,17897
0,17970
0,17679
0,29774
0,19217
0,33584
0,19104
0,17315
0,17022
0,17487
0,17858
0,19809
0,20248
0,30999
0,30068
0,23292
0,18154
0,19342
0,27638
0,19252
0,17376
0,23318
0,22013
0,18293
0,33354
0,29434
0,20066
0,17865
0,17556
0,22345
0,25384
0,19121
0,35774
0,19957
0,17229
0,21773
0,18108
0,19535
0,19127
0,18130
0,29612
0,20334
0,20366
0,18465
0,25096
0,19330
0,33317
0,19790
0,17523
0,21804
0,22160
0,20450
0,19197
0,17492
0,18005
0,17721
0,29966
0,19029
0,17663
0,17445
0,18837
0,18211
0,29729
0,19892
0,26856
0,19909
0,17396
0,17478
0,17337
0,17638
0,33429
0,32083
0,19702
0,17830
0,17977
0,17123
0,17951
0,17918
0,24144
0,30562
0,30006
0,19992
0,26219
0,19687
0,29415
0,17878
0,27873
0,19232
0,17947
0,17285
0,17728
0,17925
0,20095
0,20501
0,18013
0,18563
0,31863
0,19964
0,17930
0,17420
0,16952
0,18166
0,17491
0,19615
0,27242
0,18985
0,20288
0,35486
0,20389
0,18958
0,27397
0,30627
0,19678
0,20011
0,25282
0,20749
0,18666
0,17506
0,17636
0,17556
0,21181
0,17473
0,17625
0,17603
0,29094
0,18556
0,17715
0,18131
0,20021
0,21079
0,18002
0,29431
0,18780
0,17484
0,30290
0,18003
0,18357
0,18717
0,35074
0,19343
0,17910
0,18363
0,33758
0,22757
0,18857
0,17739
0,17831
0,18977
0,18425
0,21107
0,17951
0,18222
0,17266
0,17087
0,17989
0,17754
0,31503
0,22741
0,18275
0,19266
0,19496
0,30961
0,28670
0,28868
0,18487
0,20227
0,26853
0,19319
0,21215
0,18587
0,29403
0,31054
0,19491
0,18711
0,17623
0,28305
0,18098
0,17514
0,19153
0,27318
0,19800
0,17780
0,17584
0,17324
0,17599
0,17976
0,17201
0,17659
0,17329
0,17399
0,17336
0,17496
0,24560
0,28936
0,32846
0,23679
0,17627
0,17747
0,26304
0,23537
0,19270
0,17895
0,23137
0,17228
0,25218
0,18895
0,20199
0,18080
0,18034
0,17560
0,17502
0,17184
0,26329
0,20494
0,18680
0,17384
0,27602
0,17412
0,16772
0,17848
0,17187
0,17477
0,24888
0,18505
0,19872
0,32309
0,28721
0,19609
0,26699
0,18658
0,18893
0,20993
0,17874
0,17873
0,18293
0,17510
0,29895
0,19546
0,18605
0,17906
0,18218
0,28625
0,21937
0,18327
0,27010
0,27341
0,19930
0,17318
0,17097
0,17562
0,20602
0,29665
0,20675
0,18414
0,17275
0,17398
0,17556
0,18678
0,33442
0,18094
0,17614
0,18235
0,18880
0,27384
0,19144
0,17724
0,17143
0,26061
0,27359
0,19763
0,19944
0,17753
0,19913
0,17805
0,17367
0,17321
0,17750
0,17913
0,33114
0,17794
0,25375
0,19016
0,19403
0,27976
0,18587
0,22707
0,18785
0,18028
0,18141
0,17810
0,20020
0,17537
0,25060
0,19317
0,28452
0,17998
0,17167
0,17864
0,17140
0,17188
0,17550
0,17328
0,17065
0,19197
0,28706
0,18633
0,17047
0,17527
0,17593
0,17630
0,22432
0,19045
0,26034
0,18662
0,19349
0,18690
0,26597
0,19404
0,17517
0,17496
0,17255
0,17416
0,17002
0,17220
0,18302
0,18001
0,17563
0,30410
0,19570
0,18775
0,17374
0,17530
0,17322
0,17094
0,17408
0,17529
0,17196
0,26621
0,26567
0,19444
0,17738
0,18390
0,26285
0,18851
0,19786
0,19093
0,26122
0,20647
0,19508
0,17706
0,17591
0,17651
0,17358
0,17351
0,17446
0,17131
0,17613
0,18001
0,19393
0,27635
0,18874
0,17889
0,17855
0,18111
0,19551
0,17500
0,18177
0,17751
0,17593
0,19166
0,75784
0,44898
0,24803
0,21359
0,21382
0,19247
0,40787
0,22041
0,56316
0,22658
0,19524
0,19041
0,18159
0,18426
0,20417
0,20399
0,18119
0,18911
0,18524
0,29374
0,31155
0,19325
0,19179
0,18786
0,18493
0,18749
0,18909
0,33095
0,20023
0,27455
0,29800
0,26931
0,19606
0,40706
0,23639
0,19175
0,26958
0,23603
0,21934
0,18875
0,18994
0,18393
0,27742
0,29869
0,20543
0,18403
0,18951
0,18638
0,20291
0,20978
0,33579
0,106672
0,39269
0,19170
0,40854
0,19903
0,19080
0,18846
0,21717
0,28791
0,30123
0,33669
0,20641
0,21356
0,18964
0,19062
0,20648
0,18757
0,18665
0,28792
0,39080
0,23409
0,19653
0,27661
0,20516
0,22817
0,20677
0,19113
0,20710
0,30993
0,18895
0,34868
0,21573
0,19227
0,19629
0,18569
0,19105
0,19235
0,18503
0,18566
0,18485
0,18756
0,33674
0,35134
0,20182
0,19902
0,19756
0,38570
0,23502
0,20396
0,22651
0,21363
0,19087
0,18193
0,18836
0,18390
0,20576
0,24130
0,20111
0,19538
0,21849
0,19768
0,22891
0,18843
0,19413
0,18518
0,18601
0,18619
0,25904
0,18781
0,18678
0,18686
0,18700
0,18979
0,20705
0,21089
0,21511
0,23156
0,19375
0,33962
0,19033
0,18897
0,18926
0,24151
0,19191
0,18972
0,33183
0,20030
0,19216
0,24317
0,19938
0,36884
0,31624
0,21096
0,22205
0,18959
0,18674
0,44202
0,21202
0,19038
0,24943
0,28240
0,29923
0,20543
0,18940
0,18696
0,18282
0,112138
0,29937
0,21621
